-1e-12,7.5e-15
-9.90002e-13,7.50002e-15
-9.80007e-13,7.50005e-15
-9.70014e-13,7.5001e-15
-9.60023e-13,7.50018e-15
-9.50035e-13,7.50027e-15
-9.40049e-13,7.50038e-15
-9.30066e-13,7.50051e-15
-9.20086e-13,7.50066e-15
-9.10108e-13,7.50084e-15
-9.00133e-13,7.50103e-15
-8.90161e-13,7.50125e-15
-8.80192e-13,7.5015e-15
-8.70225e-13,7.50177e-15
-8.60262e-13,7.50206e-15
-8.50302e-13,7.50238e-15
-8.40345e-13,7.50273e-15
-8.30391e-13,7.50311e-15
-8.2044e-13,7.50352e-15
-8.10493e-13,7.50396e-15
-8.00549e-13,7.50443e-15
-7.90609e-13,7.50494e-15
-7.80672e-13,7.50548e-15
-7.70739e-13,7.50605e-15
-7.6081e-13,7.50666e-15
-7.50885e-13,7.50732e-15
-7.40964e-13,7.50801e-15
-7.31047e-13,7.50874e-15
-7.21134e-13,7.50952e-15
-7.11226e-13,7.51034e-15
-7.01322e-13,7.51121e-15
-6.91423e-13,7.51213e-15
-6.81529e-13,7.5131e-15
-6.71639e-13,7.51413e-15
-6.61755e-13,7.51521e-15
-6.51875e-13,7.51635e-15
-6.42002e-13,7.51756e-15
-6.32133e-13,7.51882e-15
-6.2227e-13,7.52016e-15
-6.12414e-13,7.52156e-15
-6.02563e-13,7.52304e-15
-5.92718e-13,7.5246e-15
-5.8288e-13,7.52624e-15
-5.73049e-13,7.52797e-15
-5.63224e-13,7.52979e-15
-5.53407e-13,7.5317e-15
-5.43597e-13,7.53372e-15
-5.33795e-13,7.53584e-15
-5.24001e-13,7.53808e-15
-5.14215e-13,7.54043e-15
-5.04438e-13,7.54291e-15
-4.9467e-13,7.54552e-15
-4.84911e-13,7.54828e-15
-4.75161e-13,7.55119e-15
-4.65422e-13,7.55425e-15
-4.55693e-13,7.55749e-15
-4.45975e-13,7.56091e-15
-4.36269e-13,7.56452e-15
-4.26575e-13,7.56834e-15
-4.16893e-13,7.57238e-15
-4.07224e-13,7.57666e-15
-3.97569e-13,7.58119e-15
-3.87928e-13,7.586e-15
-3.78302e-13,7.5911e-15
-3.68692e-13,7.59652e-15
-3.59099e-13,7.60229e-15
-3.49524e-13,7.60843e-15
-3.39967e-13,7.61498e-15
-3.3043e-13,7.62196e-15
-3.20914e-13,7.62943e-15
-3.11419e-13,7.63742e-15
-3.01949e-13,7.64599e-15
-2.92503e-13,7.65518e-15
-2.83083e-13,7.66507e-15
-2.73692e-13,7.67573e-15
-2.64332e-13,7.68725e-15
-2.55004e-13,7.6997e-15
-2.45711e-13,7.71321e-15
-2.36455e-13,7.72791e-15
-2.2724e-13,7.74393e-15
-2.18069e-13,7.76145e-15
-2.08946e-13,7.78067e-15
-1.99875e-13,7.80182e-15
-1.90861e-13,7.8252e-15
-1.81909e-13,7.85112e-15
-1.73025e-13,7.88001e-15
-1.64217e-13,7.91235e-15
-1.55494e-13,7.94874e-15
-1.46864e-13,7.98991e-15
-1.38339e-13,8.03681e-15
-1.29932e-13,8.09057e-15
-1.2166e-13,8.15268e-15
-1.1354e-13,8.22502e-15
-1.05595e-13,8.31004e-15
-9.78524e-14,8.41098e-15
-9.03447e-14,8.53211e-15
-8.31121e-14,8.67922e-15
-7.62035e-14,8.86017e-15
-6.9679e-14,9.08576e-15
-6.36113e-14,9.37094e-15
-5.8088e-14,9.73631e-15
-5.32116e-14,1.02101e-14
-4.90963e-14,1.08299e-14
-4.586e-14,1.16437e-14
-4.36086e-14,1.27075e-14
-4.2416e-14,1.40798e-14
-4.23044e-14,1.58109e-14
-4.32377e-14,1.79326e-14
-4.51301e-14,2.04521e-14
-4.78667e-14,2.33541e-14
-5.13241e-14,2.66078e-14
-5.53858e-14,3.01748e-14
-5.99498e-14,3.40155e-14
-6.49302e-14,3.80924e-14
-7.0257e-14,4.23725e-14
-7.58731e-14,4.68272e-14
-8.17328e-14,5.14322e-14
-8.7799e-14,5.61671e-14
-9.40416e-14,6.10148e-14
-1.00436e-13,6.59611e-14
-1.06962e-13,7.0994e-14
-1.13604e-13,7.61031e-14
-1.20346e-13,8.128e-14
-1.27178e-13,8.65172e-14
-1.34089e-13,9.18086e-14
-1.41071e-13,9.71486e-14
-1.48117e-13,1.02533e-13
-1.55221e-13,1.07957e-13
-1.62377e-13,1.13417e-13
-1.69581e-13,1.1891e-13
-1.76828e-13,1.24434e-13
-1.84115e-13,1.29986e-13
-1.91438e-13,1.35564e-13
-1.98795e-13,1.41165e-13
-2.06184e-13,1.46789e-13
-2.13601e-13,1.52434e-13
-2.21045e-13,1.58097e-13
-2.28515e-13,1.63779e-13
-2.36007e-13,1.69477e-13
-2.43522e-13,1.75191e-13
-2.51057e-13,1.8092e-13
-2.58611e-13,1.86662e-13
-2.66184e-13,1.92418e-13
-2.73773e-13,1.98186e-13
-2.81379e-13,2.03966e-13
-2.89e-13,2.09757e-13
-2.96635e-13,2.15558e-13
-3.04284e-13,2.21369e-13
-3.11947e-13,2.2719e-13
-3.19621e-13,2.3302e-13
-3.27307e-13,2.38858e-13
-3.35005e-13,2.44704e-13
-3.42713e-13,2.50559e-13
-3.50431e-13,2.5642e-13
-3.58159e-13,2.62289e-13
-3.65896e-13,2.68165e-13
-3.73642e-13,2.74047e-13
-3.81397e-13,2.79935e-13
-3.8916e-13,2.8583e-13
-3.96931e-13,2.9173e-13
-4.04709e-13,2.97636e-13
-4.12495e-13,3.03547e-13
-4.20287e-13,3.09463e-13
-4.28087e-13,3.15384e-13
-4.35893e-13,3.2131e-13
-4.43705e-13,3.27241e-13
-4.51523e-13,3.33176e-13
-4.59347e-13,3.39115e-13
-4.67176e-13,3.45059e-13
-4.75011e-13,3.51006e-13
-4.82851e-13,3.56958e-13
-4.90697e-13,3.62913e-13
-4.98547e-13,3.68871e-13
-5.06402e-13,3.74834e-13
-5.14261e-13,3.80799e-13
-5.22125e-13,3.86768e-13
-5.29994e-13,3.9274e-13
-5.37866e-13,3.98716e-13
-5.45743e-13,4.04694e-13
-5.53623e-13,4.10675e-13
-5.61508e-13,4.16659e-13
-5.69396e-13,4.22646e-13
-5.77288e-13,4.28636e-13
-5.85183e-13,4.34628e-13
-5.93082e-13,4.40623e-13
-6.00984e-13,4.4662e-13
-6.08889e-13,4.5262e-13
-6.16798e-13,4.58622e-13
-6.24709e-13,4.64626e-13
-6.32624e-13,4.70633e-13
-6.40542e-13,4.76641e-13
-6.48462e-13,4.82652e-13
-6.56385e-13,4.88665e-13
-6.64311e-13,4.9468e-13
-6.7224e-13,5.00697e-13
-6.80171e-13,5.06716e-13
-6.88105e-13,5.12737e-13
-6.96041e-13,5.18759e-13
-7.0398e-13,5.24784e-13
-7.11921e-13,5.3081e-13
-7.19864e-13,5.36838e-13
