-1e-12,-7.5e-15
-9.58594e-13,-7.50015e-15
-9.19175e-13,-7.50061e-15
-8.81684e-13,-7.50136e-15
-8.46014e-13,-7.5024e-15
-8.12061e-13,-7.50373e-15
-7.79731e-13,-7.50534e-15
-7.48932e-13,-7.50724e-15
-7.19582e-13,-7.50941e-15
-6.91602e-13,-7.51185e-15
-6.64916e-13,-7.51457e-15
-6.39456e-13,-7.51757e-15
-6.15157e-13,-7.52084e-15
-5.91957e-13,-7.52438e-15
-5.69798e-13,-7.52819e-15
-5.48627e-13,-7.53229e-15
-5.28392e-13,-7.53666e-15
-5.09045e-13,-7.5413e-15
-4.90541e-13,-7.54623e-15
-4.72838e-13,-7.55145e-15
-4.55895e-13,-7.55695e-15
-4.39673e-13,-7.56275e-15
-4.24139e-13,-7.56884e-15
-4.09256e-13,-7.57523e-15
-3.94995e-13,-7.58193e-15
-3.81324e-13,-7.58893e-15
-3.68216e-13,-7.59626e-15
-3.55642e-13,-7.60391e-15
-3.43579e-13,-7.61189e-15
-3.32e-13,-7.62021e-15
-3.20885e-13,-7.62887e-15
-3.10211e-13,-7.63789e-15
-2.99958e-13,-7.64727e-15
-2.90106e-13,-7.65703e-15
-2.80636e-13,-7.66717e-15
-2.71532e-13,-7.6777e-15
-2.62777e-13,-7.68864e-15
-2.54356e-13,-7.69999e-15
-2.46252e-13,-7.71178e-15
-2.38452e-13,-7.72401e-15
-2.30943e-13,-7.7367e-15
-2.23711e-13,-7.74986e-15
-2.16745e-13,-7.76351e-15
-2.10032e-13,-7.77767e-15
-2.03563e-13,-7.79235e-15
-1.97325e-13,-7.80759e-15
-1.91309e-13,-7.82339e-15
-1.85506e-13,-7.83978e-15
-1.79906e-13,-7.85678e-15
-1.745e-13,-7.87443e-15
-1.69281e-13,-7.89274e-15
-1.64239e-13,-7.91176e-15
-1.59368e-13,-7.9315e-15
-1.5466e-13,-7.95202e-15
-1.50107e-13,-7.97334e-15
-1.45704e-13,-7.99551e-15
-1.41443e-13,-8.01858e-15
-1.37317e-13,-8.0426e-15
-1.33321e-13,-8.06763e-15
-1.29448e-13,-8.09373e-15
-1.25693e-13,-8.12097e-15
-1.22049e-13,-8.14944e-15
-1.1851e-13,-8.17923e-15
-1.1507e-13,-8.21046e-15
-1.11723e-13,-8.24325e-15
-1.08462e-13,-8.27775e-15
-1.0528e-13,-8.31417e-15
-1.02167e-13,-8.35273e-15
-9.90883e-14,-8.39411e-15
-9.60717e-14,-8.43821e-15
-9.31038e-14,-8.48548e-15
-9.01662e-14,-8.53662e-15
-8.72296e-14,-8.5927e-15
-8.42386e-14,-8.65572e-15
-8.10449e-14,-8.73074e-15
-7.81471e-14,-8.80697e-15
-7.57695e-14,-8.87637e-15
-7.36575e-14,-8.94406e-15
-7.17409e-14,-9.01116e-15
-6.99787e-14,-9.07831e-15
-6.83442e-14,-9.14591e-15
-6.68189e-14,-9.21424e-15
-6.53889e-14,-9.28352e-15
-6.40434e-14,-9.35391e-15
-6.27738e-14,-9.42556e-15
-6.15731e-14,-9.49861e-15
-6.04353e-14,-9.57316e-15
-5.93554e-14,-9.64933e-15
-5.83291e-14,-9.72723e-15
-5.73525e-14,-9.80697e-15
-5.64225e-14,-9.88864e-15
-5.5536e-14,-9.97237e-15
-5.46905e-14,-1.00583e-14
-5.38837e-14,-1.01464e-14
-5.31135e-14,-1.0237e-14
-5.23779e-14,-1.03301e-14
-5.16754e-14,-1.04259e-14
-5.10043e-14,-1.05245e-14
-5.03633e-14,-1.06261e-14
-4.97511e-14,-1.07308e-14
-4.91666e-14,-1.08388e-14
-4.86088e-14,-1.09503e-14
-4.8072e-14,-1.10666e-14
-4.75611e-14,-1.11868e-14
-4.70754e-14,-1.1311e-14
-4.6614e-14,-1.14397e-14
-4.61762e-14,-1.15731e-14
-4.57615e-14,-1.17115e-14
-4.53694e-14,-1.18553e-14
-4.49993e-14,-1.20049e-14
-4.46511e-14,-1.21609e-14
-4.43243e-14,-1.23239e-14
-4.4019e-14,-1.24944e-14
-4.37349e-14,-1.26734e-14
-4.34722e-14,-1.28618e-14
-4.32311e-14,-1.3061e-14
-4.3012e-14,-1.32726e-14
-4.28154e-14,-1.34989e-14
-4.26424e-14,-1.37432e-14
-4.24944e-14,-1.40109e-14
-4.23738e-14,-1.43122e-14
-4.2285e-14,-1.46744e-14
-4.22493e-14,-1.50354e-14
-4.22572e-14,-1.53683e-14
-4.22977e-14,-1.56924e-14
-4.23664e-14,-1.60142e-14
-4.24607e-14,-1.63368e-14
-4.25791e-14,-1.66623e-14
-4.27202e-14,-1.6992e-14
-4.28834e-14,-1.73272e-14
-4.307e-14,-1.76717e-14
-4.32776e-14,-1.80225e-14
-4.35059e-14,-1.83802e-14
-4.37548e-14,-1.87457e-14
-4.40243e-14,-1.91196e-14
-4.43146e-14,-1.95026e-14
-4.46257e-14,-1.98953e-14
-4.4958e-14,-2.02985e-14
-4.53119e-14,-2.07127e-14
-4.56877e-14,-2.11387e-14
-4.60861e-14,-2.15771e-14
-4.65075e-14,-2.20288e-14
-4.69528e-14,-2.24945e-14
-4.74227e-14,-2.2975e-14
-4.7918e-14,-2.34711e-14
-4.84398e-14,-2.39839e-14
-4.89891e-14,-2.45144e-14
-4.95671e-14,-2.50636e-14
-5.01752e-14,-2.56327e-14
-5.08149e-14,-2.62231e-14
-5.14879e-14,-2.6836e-14
-5.2196e-14,-2.74732e-14
-5.29414e-14,-2.81363e-14
-5.37263e-14,-2.88272e-14
-5.45535e-14,-2.95481e-14
-5.54261e-14,-3.03015e-14
-5.63475e-14,-3.10902e-14
-5.73219e-14,-3.19174e-14
-5.83541e-14,-3.2787e-14
-5.94499e-14,-3.37034e-14
-6.06161e-14,-3.46721e-14
-6.18617e-14,-3.57001e-14
-6.31979e-14,-3.67961e-14
-6.46396e-14,-3.79719e-14
-6.62084e-14,-3.92443e-14
-6.79375e-14,-4.06392e-14
-6.98863e-14,-4.22034e-14
-7.21972e-14,-4.40487e-14
-7.47934e-14,-4.61116e-14
-7.72145e-14,-4.80269e-14
-7.95845e-14,-4.98952e-14
-8.1952e-14,-5.17559e-14
-8.43522e-14,-5.36371e-14
-8.67728e-14,-5.553e-14
-8.92297e-14,-5.7447e-14
-9.17337e-14,-5.93971e-14
-9.4293e-14,-6.13869e-14
-9.69144e-14,-6.34216e-14
-9.96035e-14,-6.55059e-14
-1.02366e-13,-6.7644e-14
-1.05206e-13,-6.98398e-14
-1.08129e-13,-7.20969e-14
-1.11139e-13,-7.4419e-14
-1.1424e-13,-7.68095e-14
-1.17439e-13,-7.92722e-14
-1.20738e-13,-8.18105e-14
-1.24142e-13,-8.44282e-14
-1.27658e-13,-8.71289e-14
-1.31289e-13,-8.99165e-14
-1.3504e-13,-9.27949e-14
-1.38918e-13,-9.57683e-14
-1.42927e-13,-9.88408e-14
-1.47073e-13,-1.02017e-13
-1.51362e-13,-1.05301e-13
-1.558e-13,-1.08698e-13
-1.60395e-13,-1.12213e-13
-1.65151e-13,-1.1585e-13
-1.70078e-13,-1.19616e-13
-1.75181e-13,-1.23516e-13
-1.80468e-13,-1.27556e-13
-1.85949e-13,-1.31742e-13
